function out1 = f_intTrapPos_LeftStance(in1,N)
%F_INTTRAPPOS_LEFTSTANCE
%    OUT1 = F_INTTRAPPOS_LEFTSTANCE(IN1,N)

%    This function was generated by the Symbolic Math Toolbox version 7.0.
%    01-Apr-2017 09:55:12

T = in1(:,1);
dq1_1 = in1(:,24);
dq1_2 = in1(:,25);
dq1_3 = in1(:,26);
dq1_4 = in1(:,27);
dq1_5 = in1(:,28);
dq1_6 = in1(:,29);
dq1_7 = in1(:,30);
dq1_8 = in1(:,31);
dq1_9 = in1(:,32);
dq2_1 = in1(:,68);
dq2_2 = in1(:,69);
dq2_3 = in1(:,70);
dq2_4 = in1(:,71);
dq2_5 = in1(:,72);
dq2_6 = in1(:,73);
dq2_7 = in1(:,74);
dq2_8 = in1(:,75);
dq2_9 = in1(:,76);
dq1_10 = in1(:,33);
dq1_11 = in1(:,34);
dq1_12 = in1(:,35);
dq1_13 = in1(:,36);
dq1_14 = in1(:,37);
dq1_15 = in1(:,38);
dq1_16 = in1(:,39);
dq1_17 = in1(:,40);
dq1_18 = in1(:,41);
dq1_19 = in1(:,42);
dq1_20 = in1(:,43);
dq1_21 = in1(:,44);
dq1_22 = in1(:,45);
dq2_10 = in1(:,77);
dq2_11 = in1(:,78);
dq2_12 = in1(:,79);
dq2_13 = in1(:,80);
dq2_14 = in1(:,81);
dq2_15 = in1(:,82);
dq2_16 = in1(:,83);
dq2_17 = in1(:,84);
dq2_18 = in1(:,85);
dq2_19 = in1(:,86);
dq2_20 = in1(:,87);
dq2_21 = in1(:,88);
dq2_22 = in1(:,89);
q1_1 = in1(:,2);
q1_2 = in1(:,3);
q1_3 = in1(:,4);
q1_4 = in1(:,5);
q1_5 = in1(:,6);
q1_6 = in1(:,7);
q1_7 = in1(:,8);
q1_8 = in1(:,9);
q1_9 = in1(:,10);
q2_1 = in1(:,46);
q2_2 = in1(:,47);
q2_3 = in1(:,48);
q2_4 = in1(:,49);
q2_5 = in1(:,50);
q2_6 = in1(:,51);
q2_7 = in1(:,52);
q2_8 = in1(:,53);
q2_9 = in1(:,54);
q1_10 = in1(:,11);
q1_11 = in1(:,12);
q1_12 = in1(:,13);
q1_13 = in1(:,14);
q1_14 = in1(:,15);
q1_15 = in1(:,16);
q1_16 = in1(:,17);
q1_17 = in1(:,18);
q1_18 = in1(:,19);
q1_19 = in1(:,20);
q1_20 = in1(:,21);
q1_21 = in1(:,22);
q1_22 = in1(:,23);
q2_10 = in1(:,55);
q2_11 = in1(:,56);
q2_12 = in1(:,57);
q2_13 = in1(:,58);
q2_14 = in1(:,59);
q2_15 = in1(:,60);
q2_16 = in1(:,61);
q2_17 = in1(:,62);
q2_18 = in1(:,63);
q2_19 = in1(:,64);
q2_20 = in1(:,65);
q2_21 = in1(:,66);
q2_22 = in1(:,67);
t2 = N-1.0;
t3 = 1.0./t2;
out1 = [-q1_1+q2_1-T.*t3.*(dq1_1+dq2_1).*(1.0./2.0);-q1_2+q2_2-T.*t3.*(dq1_2+dq2_2).*(1.0./2.0);-q1_3+q2_3-T.*t3.*(dq1_3+dq2_3).*(1.0./2.0);-q1_4+q2_4-T.*t3.*(dq1_4+dq2_4).*(1.0./2.0);-q1_5+q2_5-T.*t3.*(dq1_5+dq2_5).*(1.0./2.0);-q1_6+q2_6-T.*t3.*(dq1_6+dq2_6).*(1.0./2.0);-q1_7+q2_7-T.*t3.*(dq1_7+dq2_7).*(1.0./2.0);-q1_8+q2_8-T.*t3.*(dq1_8+dq2_8).*(1.0./2.0);-q1_9+q2_9-T.*t3.*(dq1_9+dq2_9).*(1.0./2.0);-q1_10+q2_10-T.*t3.*(dq1_10+dq2_10).*(1.0./2.0);-q1_11+q2_11-T.*t3.*(dq1_11+dq2_11).*(1.0./2.0);-q1_12+q2_12-T.*t3.*(dq1_12+dq2_12).*(1.0./2.0);-q1_13+q2_13-T.*t3.*(dq1_13+dq2_13).*(1.0./2.0);-q1_14+q2_14-T.*t3.*(dq1_14+dq2_14).*(1.0./2.0);-q1_15+q2_15-T.*t3.*(dq1_15+dq2_15).*(1.0./2.0);-q1_16+q2_16-T.*t3.*(dq1_16+dq2_16).*(1.0./2.0);-q1_17+q2_17-T.*t3.*(dq1_17+dq2_17).*(1.0./2.0);-q1_18+q2_18-T.*t3.*(dq1_18+dq2_18).*(1.0./2.0);-q1_19+q2_19-T.*t3.*(dq1_19+dq2_19).*(1.0./2.0);-q1_20+q2_20-T.*t3.*(dq1_20+dq2_20).*(1.0./2.0);-q1_21+q2_21-T.*t3.*(dq1_21+dq2_21).*(1.0./2.0);-q1_22+q2_22-T.*t3.*(dq1_22+dq2_22).*(1.0./2.0)];
