function out1 = f_periodicity_RightStance(in1)
%F_PERIODICITY_RIGHTSTANCE
%    OUT1 = F_PERIODICITY_RIGHTSTANCE(IN1)

%    This function was generated by the Symbolic Math Toolbox version 7.0.
%    12-Apr-2017 18:27:17

dq1_3 = in1(:,25);
dq1_4 = in1(:,26);
dq1_5 = in1(:,27);
dq1_6 = in1(:,28);
dq1_7 = in1(:,29);
dq1_8 = in1(:,30);
dq1_9 = in1(:,31);
dq1_10 = in1(:,32);
dq1_11 = in1(:,33);
dq1_12 = in1(:,34);
dq1_13 = in1(:,35);
dq1_14 = in1(:,36);
dq1_15 = in1(:,37);
dq1_16 = in1(:,38);
dq1_17 = in1(:,39);
dq1_18 = in1(:,40);
dq1_19 = in1(:,41);
dq1_20 = in1(:,42);
dq1_21 = in1(:,43);
dq1_22 = in1(:,44);
q1_3 = in1(:,3);
q1_4 = in1(:,4);
q1_5 = in1(:,5);
q1_6 = in1(:,6);
q1_7 = in1(:,7);
q1_8 = in1(:,8);
q1_9 = in1(:,9);
q2_3 = in1(:,47);
q2_4 = in1(:,48);
q2_5 = in1(:,49);
q2_6 = in1(:,50);
q2_7 = in1(:,51);
q2_8 = in1(:,52);
q2_9 = in1(:,53);
q1_10 = in1(:,10);
q1_11 = in1(:,11);
q1_12 = in1(:,12);
q1_13 = in1(:,13);
q1_14 = in1(:,14);
q1_15 = in1(:,15);
q1_16 = in1(:,16);
q1_17 = in1(:,17);
q1_18 = in1(:,18);
q1_19 = in1(:,19);
q1_20 = in1(:,20);
q1_21 = in1(:,21);
q1_22 = in1(:,22);
q2_10 = in1(:,54);
q2_11 = in1(:,55);
q2_12 = in1(:,56);
q2_13 = in1(:,57);
q2_14 = in1(:,58);
q2_15 = in1(:,59);
q2_16 = in1(:,60);
q2_17 = in1(:,61);
q2_18 = in1(:,62);
q2_19 = in1(:,63);
q2_20 = in1(:,64);
q2_21 = in1(:,65);
q2_22 = in1(:,66);
out1 = [0.0;0.0;-q1_3+q2_3;-q1_4-q2_4;-q1_5+q2_5;-q1_6-q2_6;-q1_7+q2_15;-q1_8-q2_16;-q1_9-q2_17;-q1_10+q2_18;-q1_11+q2_19;-q1_12+q2_20;-q1_13+q2_21;-q1_14+q2_22;q2_7-q1_15;-q2_8-q1_16;-q2_9-q1_17;-q1_18+q2_10;-q1_19+q2_11;-q1_20+q2_12;-q1_21+q2_13;-q1_22+q2_14;0.0;0.0;-dq1_3+q2_3;-dq1_4-q2_4;-dq1_5+q2_5;-dq1_6-q2_6;-dq1_7+q2_15;-dq1_8-q2_16;-dq1_9-q2_17;-dq1_10+q2_18;-dq1_11+q2_19;-dq1_12+q2_20;-dq1_13+q2_21;-dq1_14+q2_22;-dq1_15+q2_7;-dq1_16-q2_8;-dq1_17-q2_9;-dq1_18+q2_10;-dq1_19+q2_11;-dq1_20+q2_12;-dq1_21+q2_13;-dq1_22+q2_14];
