function out1 = f_qContSelected_LeftStance(in1,in2)
%F_QCONTSELECTED_LEFTSTANCE
%    OUT1 = F_QCONTSELECTED_LEFTSTANCE(IN1,IN2)

%    This function was generated by the Symbolic Math Toolbox version 7.0.
%    01-Apr-2017 09:59:32

q1_1 = in1(:,1);
q1_2 = in1(:,2);
q1_3 = in1(:,3);
q1_4 = in1(:,4);
q1_5 = in1(:,5);
q1_6 = in1(:,6);
q1_7 = in1(:,7);
q1_8 = in1(:,8);
q1_9 = in1(:,9);
q2_1 = in1(:,23);
q2_2 = in1(:,24);
q2_3 = in1(:,25);
q2_4 = in1(:,26);
q2_5 = in1(:,27);
q2_6 = in1(:,28);
q2_7 = in1(:,29);
q2_8 = in1(:,30);
q2_9 = in1(:,31);
q1_10 = in1(:,10);
q1_11 = in1(:,11);
q1_12 = in1(:,12);
q1_13 = in1(:,13);
q1_14 = in1(:,14);
q1_15 = in1(:,15);
q1_16 = in1(:,16);
q1_17 = in1(:,17);
q1_18 = in1(:,18);
q1_19 = in1(:,19);
q1_20 = in1(:,20);
q1_21 = in1(:,21);
q1_22 = in1(:,22);
q2_10 = in1(:,32);
q2_11 = in1(:,33);
q2_12 = in1(:,34);
q2_13 = in1(:,35);
q2_14 = in1(:,36);
q2_15 = in1(:,37);
q2_16 = in1(:,38);
q2_17 = in1(:,39);
q2_18 = in1(:,40);
q2_19 = in1(:,41);
q2_20 = in1(:,42);
q2_21 = in1(:,43);
q2_22 = in1(:,44);
s1 = in2(:,1);
s2 = in2(:,2);
s3 = in2(:,3);
s4 = in2(:,4);
s5 = in2(:,5);
s6 = in2(:,6);
s7 = in2(:,7);
s8 = in2(:,8);
s9 = in2(:,9);
s10 = in2(:,10);
s11 = in2(:,11);
s12 = in2(:,12);
s13 = in2(:,13);
s14 = in2(:,14);
s15 = in2(:,15);
s16 = in2(:,16);
s17 = in2(:,17);
s18 = in2(:,18);
s19 = in2(:,19);
s20 = in2(:,20);
s21 = in2(:,21);
s22 = in2(:,22);
out1 = [-s1.*(q1_1-q2_1);-s2.*(q1_2-q2_2);-s3.*(q1_3-q2_3);-s4.*(q1_4-q2_4);-s5.*(q1_5-q2_5);-s6.*(q1_6-q2_6);-s7.*(q1_7-q2_7);-s8.*(q1_8-q2_8);-s9.*(q1_9-q2_9);-s10.*(q1_10-q2_10);-s11.*(q1_11-q2_11);-s12.*(q1_12-q2_12);-s13.*(q1_13-q2_13);-s14.*(q1_14-q2_14);-s15.*(q1_15-q2_15);-s16.*(q1_16-q2_16);-s17.*(q1_17-q2_17);-s18.*(q1_18-q2_18);-s19.*(q1_19-q2_19);-s20.*(q1_20-q2_20);-s21.*(q1_21-q2_21);-s22.*(q1_22-q2_22)];
