function out1 = J_stateCost_RightStance(in1,in2)
%J_STATECOST_RIGHTSTANCE
%    OUT1 = J_STATECOST_RIGHTSTANCE(IN1,IN2)

%    This function was generated by the Symbolic Math Toolbox version 7.0.
%    13-Apr-2017 16:39:48

d1 = in2(:,1);
d2 = in2(:,2);
d3 = in2(:,3);
d4 = in2(:,4);
d5 = in2(:,5);
d6 = in2(:,6);
d7 = in2(:,7);
d8 = in2(:,8);
d9 = in2(:,9);
d10 = in2(:,10);
d11 = in2(:,11);
d12 = in2(:,12);
d13 = in2(:,13);
d14 = in2(:,14);
d15 = in2(:,15);
d16 = in2(:,16);
d17 = in2(:,17);
d18 = in2(:,18);
d19 = in2(:,19);
d20 = in2(:,20);
d21 = in2(:,21);
d22 = in2(:,22);
d23 = in2(:,23);
d24 = in2(:,24);
d25 = in2(:,25);
d26 = in2(:,26);
d27 = in2(:,27);
d28 = in2(:,28);
d29 = in2(:,29);
d30 = in2(:,30);
d31 = in2(:,31);
d32 = in2(:,32);
d33 = in2(:,33);
d34 = in2(:,34);
d35 = in2(:,35);
d36 = in2(:,36);
d37 = in2(:,37);
d38 = in2(:,38);
d39 = in2(:,39);
d40 = in2(:,40);
d41 = in2(:,41);
d42 = in2(:,42);
d43 = in2(:,43);
d44 = in2(:,44);
dq1 = in1(:,23);
dq2 = in1(:,24);
dq3 = in1(:,25);
dq4 = in1(:,26);
dq5 = in1(:,27);
dq6 = in1(:,28);
dq7 = in1(:,29);
dq8 = in1(:,30);
dq9 = in1(:,31);
dq10 = in1(:,32);
dq11 = in1(:,33);
dq12 = in1(:,34);
dq13 = in1(:,35);
dq14 = in1(:,36);
dq15 = in1(:,37);
dq16 = in1(:,38);
dq17 = in1(:,39);
dq18 = in1(:,40);
dq19 = in1(:,41);
dq20 = in1(:,42);
dq21 = in1(:,43);
dq22 = in1(:,44);
q1 = in1(:,1);
q2 = in1(:,2);
q3 = in1(:,3);
q4 = in1(:,4);
q5 = in1(:,5);
q6 = in1(:,6);
q7 = in1(:,7);
q8 = in1(:,8);
q9 = in1(:,9);
q10 = in1(:,10);
q11 = in1(:,11);
q12 = in1(:,12);
q13 = in1(:,13);
q14 = in1(:,14);
q15 = in1(:,15);
q16 = in1(:,16);
q17 = in1(:,17);
q18 = in1(:,18);
q19 = in1(:,19);
q20 = in1(:,20);
q21 = in1(:,21);
q22 = in1(:,22);
w1 = in2(:,45);
w2 = in2(:,46);
w3 = in2(:,47);
w4 = in2(:,48);
w5 = in2(:,49);
w6 = in2(:,50);
w7 = in2(:,51);
w8 = in2(:,52);
w9 = in2(:,53);
w10 = in2(:,54);
w11 = in2(:,55);
w12 = in2(:,56);
w13 = in2(:,57);
w14 = in2(:,58);
w15 = in2(:,59);
w16 = in2(:,60);
w17 = in2(:,61);
w18 = in2(:,62);
w19 = in2(:,63);
w20 = in2(:,64);
w21 = in2(:,65);
w22 = in2(:,66);
w23 = in2(:,67);
w24 = in2(:,68);
w25 = in2(:,69);
w26 = in2(:,70);
w27 = in2(:,71);
w28 = in2(:,72);
w29 = in2(:,73);
w30 = in2(:,74);
w31 = in2(:,75);
w32 = in2(:,76);
w33 = in2(:,77);
w34 = in2(:,78);
w35 = in2(:,79);
w36 = in2(:,80);
w37 = in2(:,81);
w38 = in2(:,82);
w39 = in2(:,83);
w40 = in2(:,84);
w41 = in2(:,85);
w42 = in2(:,86);
w43 = in2(:,87);
w44 = in2(:,88);
out1 = [-w1.*(d1.*2.0-q1.*2.0),-w2.*(d2.*2.0-q2.*2.0),-w3.*(d3.*2.0-q3.*2.0),-w4.*(d4.*2.0-q4.*2.0),-w5.*(d5.*2.0-q5.*2.0),-w6.*(d6.*2.0-q6.*2.0),-w7.*(d7.*2.0-q7.*2.0),-w8.*(d8.*2.0-q8.*2.0),-w9.*(d9.*2.0-q9.*2.0),-w10.*(d10.*2.0-q10.*2.0),-w11.*(d11.*2.0-q11.*2.0),-w12.*(d12.*2.0-q12.*2.0),-w13.*(d13.*2.0-q13.*2.0),-w14.*(d14.*2.0-q14.*2.0),-w15.*(d15.*2.0-q15.*2.0),-w16.*(d16.*2.0-q16.*2.0),-w17.*(d17.*2.0-q17.*2.0),-w18.*(d18.*2.0-q18.*2.0),-w19.*(d19.*2.0-q19.*2.0),-w20.*(d20.*2.0-q20.*2.0),-w21.*(d21.*2.0-q21.*2.0),-w22.*(d22.*2.0-q22.*2.0),-w23.*(d23.*2.0-dq1.*2.0),-w24.*(d24.*2.0-dq2.*2.0),-w25.*(d25.*2.0-dq3.*2.0),-w26.*(d26.*2.0-dq4.*2.0),-w27.*(d27.*2.0-dq5.*2.0),-w28.*(d28.*2.0-dq6.*2.0),-w29.*(d29.*2.0-dq7.*2.0),-w30.*(d30.*2.0-dq8.*2.0),-w31.*(d31.*2.0-dq9.*2.0),-w32.*(d32.*2.0-dq10.*2.0),-w33.*(d33.*2.0-dq11.*2.0),-w34.*(d34.*2.0-dq12.*2.0),-w35.*(d35.*2.0-dq13.*2.0),-w36.*(d36.*2.0-dq14.*2.0),-w37.*(d37.*2.0-dq15.*2.0),-w38.*(d38.*2.0-dq16.*2.0),-w39.*(d39.*2.0-dq17.*2.0),-w40.*(d40.*2.0-dq18.*2.0),-w41.*(d41.*2.0-dq19.*2.0),-w42.*(d42.*2.0-dq20.*2.0),-w43.*(d43.*2.0-dq21.*2.0),-w44.*(d44.*2.0-dq22.*2.0)];
