function out1 = f_aCont_RightStance(in1)
%F_ACONT_RIGHTSTANCE
%    OUT1 = F_ACONT_RIGHTSTANCE(IN1)

%    This function was generated by the Symbolic Math Toolbox version 7.0.
%    30-Mar-2017 15:26:07

a1_1_1 = in1(:,1);
a1_1_2 = in1(:,5);
a1_1_3 = in1(:,9);
a1_1_4 = in1(:,13);
a1_1_5 = in1(:,17);
a1_1_6 = in1(:,21);
a1_2_1 = in1(:,2);
a1_2_2 = in1(:,6);
a1_2_3 = in1(:,10);
a1_2_4 = in1(:,14);
a1_2_5 = in1(:,18);
a1_2_6 = in1(:,22);
a1_3_1 = in1(:,3);
a1_3_2 = in1(:,7);
a1_3_3 = in1(:,11);
a1_3_4 = in1(:,15);
a1_3_5 = in1(:,19);
a1_3_6 = in1(:,23);
a1_4_1 = in1(:,4);
a1_4_2 = in1(:,8);
a1_4_3 = in1(:,12);
a1_4_4 = in1(:,16);
a1_4_5 = in1(:,20);
a1_4_6 = in1(:,24);
a2_1_1 = in1(:,25);
a2_1_2 = in1(:,29);
a2_1_3 = in1(:,33);
a2_1_4 = in1(:,37);
a2_1_5 = in1(:,41);
a2_1_6 = in1(:,45);
a2_2_1 = in1(:,26);
a2_2_2 = in1(:,30);
a2_2_3 = in1(:,34);
a2_2_4 = in1(:,38);
a2_2_5 = in1(:,42);
a2_2_6 = in1(:,46);
a2_3_1 = in1(:,27);
a2_3_2 = in1(:,31);
a2_3_3 = in1(:,35);
a2_3_4 = in1(:,39);
a2_3_5 = in1(:,43);
a2_3_6 = in1(:,47);
a2_4_1 = in1(:,28);
a2_4_2 = in1(:,32);
a2_4_3 = in1(:,36);
a2_4_4 = in1(:,40);
a2_4_5 = in1(:,44);
a2_4_6 = in1(:,48);
out1 = [-a1_1_1+a2_1_1;-a1_2_1+a2_2_1;-a1_3_1+a2_3_1;-a1_4_1+a2_4_1;-a1_1_2+a2_1_2;-a1_2_2+a2_2_2;-a1_3_2+a2_3_2;-a1_4_2+a2_4_2;-a1_1_3+a2_1_3;-a1_2_3+a2_2_3;-a1_3_3+a2_3_3;-a1_4_3+a2_4_3;-a1_1_4+a2_1_4;-a1_2_4+a2_2_4;-a1_3_4+a2_3_4;-a1_4_4+a2_4_4;-a1_1_5+a2_1_5;-a1_2_5+a2_2_5;-a1_3_5+a2_3_5;-a1_4_5+a2_4_5;-a1_1_6+a2_1_6;-a1_2_6+a2_2_6;-a1_3_6+a2_3_6;-a1_4_6+a2_4_6];
