function out1 = f_dy_timeBased_LeftStance(in1,in2)
%F_DY_TIMEBASED_LEFTSTANCE
%    OUT1 = F_DY_TIMEBASED_LEFTSTANCE(IN1,IN2)

%    This function was generated by the Symbolic Math Toolbox version 7.0.
%    30-Mar-2017 15:28:01

N = in2(:,1);
T = in1(:,15);
a_1_1 = in1(:,16);
a_1_2 = in1(:,20);
a_1_3 = in1(:,24);
a_1_4 = in1(:,28);
a_1_5 = in1(:,32);
a_1_6 = in1(:,36);
a_2_1 = in1(:,17);
a_2_2 = in1(:,21);
a_2_3 = in1(:,25);
a_2_4 = in1(:,29);
a_2_5 = in1(:,33);
a_2_6 = in1(:,37);
a_3_1 = in1(:,18);
a_3_2 = in1(:,22);
a_3_3 = in1(:,26);
a_3_4 = in1(:,30);
a_3_5 = in1(:,34);
a_3_6 = in1(:,38);
a_4_1 = in1(:,19);
a_4_2 = in1(:,23);
a_4_3 = in1(:,27);
a_4_4 = in1(:,31);
a_4_5 = in1(:,35);
a_4_6 = in1(:,39);
dq4 = in1(:,11);
dq5 = in1(:,12);
dq6 = in1(:,13);
dq7 = in1(:,14);
index = in2(:,2);
t5 = N-1.0;
t6 = 1.0./t5;
t7 = index-1.0;
t8 = t6.*t7;
t2 = t8-1.0;
t3 = t2.^2;
t4 = 1.0./T;
t9 = t3.^2;
t10 = t7.^2;
t11 = 1.0./t5.^4;
t12 = t10.^2;
t13 = 1.0./t5.^3;
t14 = 1.0./t5.^2;
t15 = t6.*t7.*5.0;
t16 = t15-5.0;
out1 = [dq4+a_1_1.*t4.*t9.*5.0-a_2_1.*t4.*t9.*5.0+a_1_2.*t4.*t11.*t12.*5.0-a_2_2.*t4.*t11.*t12.*5.0+a_3_1.*t3.*t4.*t10.*t14.*3.0e1-a_4_1.*t3.*t4.*t10.*t14.*3.0e1-a_2_1.*t2.*t3.*t4.*t6.*t7.*2.0e1+a_3_1.*t2.*t3.*t4.*t6.*t7.*2.0e1+a_1_2.*t4.*t7.*t10.*t13.*t16.*4.0-a_4_1.*t2.*t4.*t7.*t10.*t13.*2.0e1;dq5+a_3_2.*t4.*t9.*5.0-a_4_2.*t4.*t9.*5.0+a_3_3.*t4.*t11.*t12.*5.0-a_4_3.*t4.*t11.*t12.*5.0+a_1_3.*t3.*t4.*t10.*t14.*3.0e1-a_2_3.*t3.*t4.*t10.*t14.*3.0e1+a_1_3.*t2.*t3.*t4.*t6.*t7.*2.0e1-a_2_3.*t2.*t4.*t7.*t10.*t13.*2.0e1-a_4_2.*t2.*t3.*t4.*t6.*t7.*2.0e1+a_3_3.*t4.*t7.*t10.*t13.*t16.*4.0;dq6+a_1_4.*t4.*t9.*5.0-a_2_4.*t4.*t9.*5.0+a_1_5.*t4.*t11.*t12.*5.0-a_2_5.*t4.*t11.*t12.*5.0+a_3_4.*t3.*t4.*t10.*t14.*3.0e1-a_4_4.*t3.*t4.*t10.*t14.*3.0e1-a_2_4.*t2.*t3.*t4.*t6.*t7.*2.0e1+a_3_4.*t2.*t3.*t4.*t6.*t7.*2.0e1+a_1_5.*t4.*t7.*t10.*t13.*t16.*4.0-a_4_4.*t2.*t4.*t7.*t10.*t13.*2.0e1;dq7+a_3_5.*t4.*t9.*5.0-a_4_5.*t4.*t9.*5.0+a_3_6.*t4.*t11.*t12.*5.0-a_4_6.*t4.*t11.*t12.*5.0+a_1_6.*t3.*t4.*t10.*t14.*3.0e1-a_2_6.*t3.*t4.*t10.*t14.*3.0e1+a_1_6.*t2.*t3.*t4.*t6.*t7.*2.0e1-a_2_6.*t2.*t4.*t7.*t10.*t13.*2.0e1-a_4_5.*t2.*t3.*t4.*t6.*t7.*2.0e1+a_3_6.*t4.*t7.*t10.*t13.*t16.*4.0];
