function out1 = J_ddy_timeBased_RightStance(in1,in2)
%J_DDY_TIMEBASED_RIGHTSTANCE
%    OUT1 = J_DDY_TIMEBASED_RIGHTSTANCE(IN1,IN2)

%    This function was generated by the Symbolic Math Toolbox version 7.0.
%    30-Mar-2017 15:27:46

Kd = in2(:,4);
Kp = in2(:,3);
N = in2(:,1);
T = in1(:,22);
a_1_1 = in1(:,23);
a_1_2 = in1(:,27);
a_1_3 = in1(:,31);
a_1_4 = in1(:,35);
a_1_5 = in1(:,39);
a_1_6 = in1(:,43);
a_2_1 = in1(:,24);
a_2_2 = in1(:,28);
a_2_3 = in1(:,32);
a_2_4 = in1(:,36);
a_2_5 = in1(:,40);
a_2_6 = in1(:,44);
a_3_1 = in1(:,25);
a_3_2 = in1(:,29);
a_3_3 = in1(:,33);
a_3_4 = in1(:,37);
a_3_5 = in1(:,41);
a_3_6 = in1(:,45);
a_4_1 = in1(:,26);
a_4_2 = in1(:,30);
a_4_3 = in1(:,34);
a_4_4 = in1(:,38);
a_4_5 = in1(:,42);
a_4_6 = in1(:,46);
index = in2(:,2);
t5 = N-1.0;
t6 = 1.0./t5;
t7 = index-1.0;
t8 = t6.*t7;
t2 = t8-1.0;
t3 = t2.^2;
t4 = 1.0./T.^2;
t9 = t3.^2;
t10 = t7.^2;
t11 = 1.0./t5.^4;
t12 = t10.^2;
t13 = 1.0./t5.^3;
t14 = 1.0./t5.^2;
t15 = 1.0./T.^3;
t16 = t6.*t7.*5.0;
t17 = t16-5.0;
t18 = 1.0./T;
t19 = t2.*t3.*t4.*2.0e1;
t20 = t2.*t3.*t6.*t7.*t18.*2.0e1;
t21 = t3.*t10.*t14.*t18.*3.0e1;
t22 = Kp.*t2.*t9;
t23 = Kd.*t9.*t18.*5.0;
t24 = t19+t22+t23;
t25 = t9.*t18.*5.0;
t26 = t20+t25;
t36 = t3.*t4.*t6.*t7.*6.0e1;
t47 = t2.*t3.*t4.*4.0e1;
t48 = Kd.*t26;
t49 = Kp.*t6.*t7.*t9.*5.0;
t27 = -t36-t47-t48-t49;
t28 = t20+t21;
t29 = Kd.*t28;
t30 = Kp.*t2.*t3.*t10.*t14.*1.0e1;
t31 = t3.*t4.*t6.*t7.*1.2e2;
t32 = t2.*t4.*t10.*t14.*6.0e1;
t33 = t19+t29+t30+t31+t32;
t34 = t2.*t7.*t10.*t13.*t18.*2.0e1;
t35 = t21+t34;
t37 = t11.*t12.*t18.*5.0;
t38 = t7.*t10.*t13.*t17.*t18.*4.0;
t39 = t37+t38;
t40 = Kd.*t39;
t41 = t4.*t7.*t10.*t13.*4.0e1;
t42 = Kp.*t11.*t12.*t17;
t43 = t4.*t10.*t14.*t17.*1.2e1;
t44 = t40+t41+t42+t43;
t45 = 1.0./t5.^5;
t50 = t4.*t7.*t10.*t13.*2.0e1;
t51 = Kp.*t7.*t12.*t45;
t52 = Kd.*t11.*t12.*t18.*5.0;
t46 = -t50-t51-t52;
t53 = -t36-t50-Kd.*t35-t2.*t4.*t10.*t14.*1.2e2-Kp.*t3.*t7.*t10.*t13.*1.0e1;
out1 = reshape([0.0,0.0,0.0,0.0,0.0,0.0,0.0,0.0,0.0,0.0,0.0,0.0,Kp,0.0,0.0,0.0,0.0,Kp,0.0,0.0,0.0,0.0,Kp,0.0,0.0,0.0,0.0,Kp,0.0,0.0,0.0,0.0,0.0,0.0,0.0,0.0,0.0,0.0,0.0,0.0,Kd,0.0,0.0,0.0,0.0,Kd,0.0,0.0,0.0,0.0,Kd,0.0,0.0,0.0,0.0,Kd,0.0,0.0,0.0,0.0,0.0,0.0,0.0,0.0,0.0,0.0,0.0,0.0,1.0,0.0,0.0,0.0,0.0,1.0,0.0,0.0,0.0,0.0,1.0,0.0,0.0,0.0,0.0,1.0,-Kd.*(a_1_1.*t4.*t9.*5.0-a_2_1.*t4.*t9.*5.0+a_1_2.*t4.*t11.*t12.*5.0-a_2_2.*t4.*t11.*t12.*5.0+a_3_1.*t3.*t4.*t10.*t14.*3.0e1-a_4_1.*t3.*t4.*t10.*t14.*3.0e1-a_2_1.*t2.*t3.*t4.*t6.*t7.*2.0e1+a_3_1.*t2.*t3.*t4.*t6.*t7.*2.0e1+a_1_2.*t4.*t7.*t10.*t13.*t17.*4.0-a_4_1.*t2.*t4.*t7.*t10.*t13.*2.0e1)-a_1_1.*t2.*t3.*t15.*4.0e1+a_2_1.*t2.*t3.*t15.*8.0e1-a_3_1.*t2.*t3.*t15.*4.0e1+a_2_1.*t3.*t6.*t7.*t15.*1.2e2-a_1_2.*t7.*t10.*t13.*t15.*8.0e1-a_3_1.*t3.*t6.*t7.*t15.*2.4e2+a_2_2.*t7.*t10.*t13.*t15.*4.0e1-a_1_2.*t10.*t14.*t15.*t17.*2.4e1-a_3_1.*t2.*t10.*t14.*t15.*1.2e2+a_4_1.*t3.*t6.*t7.*t15.*1.2e2+a_4_1.*t2.*t10.*t14.*t15.*2.4e2+a_4_1.*t7.*t10.*t13.*t15.*4.0e1,-Kd.*(a_3_2.*t4.*t9.*5.0-a_4_2.*t4.*t9.*5.0+a_3_3.*t4.*t11.*t12.*5.0-a_4_3.*t4.*t11.*t12.*5.0+a_1_3.*t3.*t4.*t10.*t14.*3.0e1-a_2_3.*t3.*t4.*t10.*t14.*3.0e1+a_1_3.*t2.*t3.*t4.*t6.*t7.*2.0e1-a_2_3.*t2.*t4.*t7.*t10.*t13.*2.0e1-a_4_2.*t2.*t3.*t4.*t6.*t7.*2.0e1+a_3_3.*t4.*t7.*t10.*t13.*t17.*4.0)-a_1_3.*t2.*t3.*t15.*4.0e1-a_3_2.*t2.*t3.*t15.*4.0e1+a_4_2.*t2.*t3.*t15.*8.0e1-a_1_3.*t3.*t6.*t7.*t15.*2.4e2-a_1_3.*t2.*t10.*t14.*t15.*1.2e2+a_2_3.*t3.*t6.*t7.*t15.*1.2e2+a_2_3.*t2.*t10.*t14.*t15.*2.4e2+a_2_3.*t7.*t10.*t13.*t15.*4.0e1+a_4_2.*t3.*t6.*t7.*t15.*1.2e2-a_3_3.*t7.*t10.*t13.*t15.*8.0e1+a_4_3.*t7.*t10.*t13.*t15.*4.0e1-a_3_3.*t10.*t14.*t15.*t17.*2.4e1,-Kd.*(a_1_4.*t4.*t9.*5.0-a_2_4.*t4.*t9.*5.0+a_1_5.*t4.*t11.*t12.*5.0-a_2_5.*t4.*t11.*t12.*5.0+a_3_4.*t3.*t4.*t10.*t14.*3.0e1-a_4_4.*t3.*t4.*t10.*t14.*3.0e1-a_2_4.*t2.*t3.*t4.*t6.*t7.*2.0e1+a_3_4.*t2.*t3.*t4.*t6.*t7.*2.0e1+a_1_5.*t4.*t7.*t10.*t13.*t17.*4.0-a_4_4.*t2.*t4.*t7.*t10.*t13.*2.0e1)-a_1_4.*t2.*t3.*t15.*4.0e1+a_2_4.*t2.*t3.*t15.*8.0e1-a_3_4.*t2.*t3.*t15.*4.0e1+a_2_4.*t3.*t6.*t7.*t15.*1.2e2-a_1_5.*t7.*t10.*t13.*t15.*8.0e1-a_3_4.*t3.*t6.*t7.*t15.*2.4e2+a_2_5.*t7.*t10.*t13.*t15.*4.0e1-a_1_5.*t10.*t14.*t15.*t17.*2.4e1-a_3_4.*t2.*t10.*t14.*t15.*1.2e2+a_4_4.*t3.*t6.*t7.*t15.*1.2e2+a_4_4.*t2.*t10.*t14.*t15.*2.4e2+a_4_4.*t7.*t10.*t13.*t15.*4.0e1,-Kd.*(a_3_5.*t4.*t9.*5.0-a_4_5.*t4.*t9.*5.0+a_3_6.*t4.*t11.*t12.*5.0-a_4_6.*t4.*t11.*t12.*5.0+a_1_6.*t3.*t4.*t10.*t14.*3.0e1-a_2_6.*t3.*t4.*t10.*t14.*3.0e1+a_1_6.*t2.*t3.*t4.*t6.*t7.*2.0e1-a_2_6.*t2.*t4.*t7.*t10.*t13.*2.0e1-a_4_5.*t2.*t3.*t4.*t6.*t7.*2.0e1+a_3_6.*t4.*t7.*t10.*t13.*t17.*4.0)-a_1_6.*t2.*t3.*t15.*4.0e1-a_3_5.*t2.*t3.*t15.*4.0e1+a_4_5.*t2.*t3.*t15.*8.0e1-a_1_6.*t3.*t6.*t7.*t15.*2.4e2-a_1_6.*t2.*t10.*t14.*t15.*1.2e2+a_2_6.*t3.*t6.*t7.*t15.*1.2e2+a_2_6.*t2.*t10.*t14.*t15.*2.4e2+a_2_6.*t7.*t10.*t13.*t15.*4.0e1+a_4_5.*t3.*t6.*t7.*t15.*1.2e2-a_3_6.*t7.*t10.*t13.*t15.*8.0e1+a_4_6.*t7.*t10.*t13.*t15.*4.0e1-a_3_6.*t10.*t14.*t15.*t17.*2.4e1,t24,0.0,0.0,0.0,t27,0.0,0.0,0.0,t33,0.0,0.0,0.0,-Kd.*t35-t3.*t4.*t6.*t7.*6.0e1-t2.*t4.*t10.*t14.*1.2e2-t4.*t7.*t10.*t13.*2.0e1-Kp.*t3.*t7.*t10.*t13.*1.0e1,0.0,0.0,0.0,t44,0.0,0.0,0.0,t46,0.0,0.0,0.0,0.0,t24,0.0,0.0,0.0,t27,0.0,0.0,0.0,t33,0.0,0.0,0.0,-t36-Kd.*t35-t2.*t4.*t10.*t14.*1.2e2-t4.*t7.*t10.*t13.*2.0e1-Kp.*t3.*t7.*t10.*t13.*1.0e1,0.0,0.0,0.0,t44,0.0,0.0,0.0,t46,0.0,0.0,0.0,0.0,t24,0.0,0.0,0.0,t27,0.0,0.0,0.0,t33,0.0,0.0,0.0,t53,0.0,0.0,0.0,t44,0.0,0.0,0.0,t46,0.0,0.0,0.0,0.0,t24,0.0,0.0,0.0,t27,0.0,0.0,0.0,t33,0.0,0.0,0.0,t53,0.0,0.0,0.0,t44,0.0,0.0,0.0,t46],[4,46]);
