function out1 = J_intTrapVel_LeftStance(in1,N)
%J_INTTRAPVEL_LEFTSTANCE
%    OUT1 = J_INTTRAPVEL_LEFTSTANCE(IN1,N)

%    This function was generated by the Symbolic Math Toolbox version 7.0.
%    30-Mar-2017 15:25:55

T = in1(:,1);
ddq1_1 = in1(:,9);
ddq1_2 = in1(:,10);
ddq1_3 = in1(:,11);
ddq1_4 = in1(:,12);
ddq1_5 = in1(:,13);
ddq1_6 = in1(:,14);
ddq1_7 = in1(:,15);
ddq2_1 = in1(:,23);
ddq2_2 = in1(:,24);
ddq2_3 = in1(:,25);
ddq2_4 = in1(:,26);
ddq2_5 = in1(:,27);
ddq2_6 = in1(:,28);
ddq2_7 = in1(:,29);
t2 = N-1.0;
t3 = 1.0./t2;
out1 = reshape([t3.*(ddq1_1+ddq2_1).*(-1.0./2.0),t3.*(ddq1_2+ddq2_2).*(-1.0./2.0),t3.*(ddq1_3+ddq2_3).*(-1.0./2.0),t3.*(ddq1_4+ddq2_4).*(-1.0./2.0),t3.*(ddq1_5+ddq2_5).*(-1.0./2.0),t3.*(ddq1_6+ddq2_6).*(-1.0./2.0),t3.*(ddq1_7+ddq2_7).*(-1.0./2.0),-1.0,0.0,0.0,0.0,0.0,0.0,0.0,0.0,-1.0,0.0,0.0,0.0,0.0,0.0,0.0,0.0,-1.0,0.0,0.0,0.0,0.0,0.0,0.0,0.0,-1.0,0.0,0.0,0.0,0.0,0.0,0.0,0.0,-1.0,0.0,0.0,0.0,0.0,0.0,0.0,0.0,-1.0,0.0,0.0,0.0,0.0,0.0,0.0,0.0,-1.0,T.*t3.*(-1.0./2.0),0.0,0.0,0.0,0.0,0.0,0.0,0.0,T.*t3.*(-1.0./2.0),0.0,0.0,0.0,0.0,0.0,0.0,0.0,T.*t3.*(-1.0./2.0),0.0,0.0,0.0,0.0,0.0,0.0,0.0,T.*t3.*(-1.0./2.0),0.0,0.0,0.0,0.0,0.0,0.0,0.0,T.*t3.*(-1.0./2.0),0.0,0.0,0.0,0.0,0.0,0.0,0.0,T.*t3.*(-1.0./2.0),0.0,0.0,0.0,0.0,0.0,0.0,0.0,T.*t3.*(-1.0./2.0),1.0,0.0,0.0,0.0,0.0,0.0,0.0,0.0,1.0,0.0,0.0,0.0,0.0,0.0,0.0,0.0,1.0,0.0,0.0,0.0,0.0,0.0,0.0,0.0,1.0,0.0,0.0,0.0,0.0,0.0,0.0,0.0,1.0,0.0,0.0,0.0,0.0,0.0,0.0,0.0,1.0,0.0,0.0,0.0,0.0,0.0,0.0,0.0,1.0,T.*t3.*(-1.0./2.0),0.0,0.0,0.0,0.0,0.0,0.0,0.0,T.*t3.*(-1.0./2.0),0.0,0.0,0.0,0.0,0.0,0.0,0.0,T.*t3.*(-1.0./2.0),0.0,0.0,0.0,0.0,0.0,0.0,0.0,T.*t3.*(-1.0./2.0),0.0,0.0,0.0,0.0,0.0,0.0,0.0,T.*t3.*(-1.0./2.0),0.0,0.0,0.0,0.0,0.0,0.0,0.0,T.*t3.*(-1.0./2.0),0.0,0.0,0.0,0.0,0.0,0.0,0.0,T.*t3.*(-1.0./2.0)],[7,29]);
