function out1 = J_intPos_LeftStance(in1,N)
%J_INTPOS_LEFTSTANCE
%    OUT1 = J_INTPOS_LEFTSTANCE(IN1,N)

%    This function was generated by the Symbolic Math Toolbox version 7.0.
%    30-Mar-2017 15:25:12

T = in1(:,1);
dq1_1 = in1(:,9);
dq1_2 = in1(:,10);
dq1_3 = in1(:,11);
dq1_4 = in1(:,12);
dq1_5 = in1(:,13);
dq1_6 = in1(:,14);
dq1_7 = in1(:,15);
dq2_1 = in1(:,16);
dq2_2 = in1(:,17);
dq2_3 = in1(:,18);
dq2_4 = in1(:,19);
dq2_5 = in1(:,20);
dq2_6 = in1(:,21);
dq2_7 = in1(:,22);
dq3_1 = in1(:,30);
dq3_2 = in1(:,31);
dq3_3 = in1(:,32);
dq3_4 = in1(:,33);
dq3_5 = in1(:,34);
dq3_6 = in1(:,35);
dq3_7 = in1(:,36);
t2 = N-1.0;
t3 = 1.0./t2;
out1 = reshape([t3.*(dq1_1+dq2_1.*4.0+dq3_1).*(-1.0./6.0),t3.*(dq1_2+dq2_2.*4.0+dq3_2).*(-1.0./6.0),t3.*(dq1_3+dq2_3.*4.0+dq3_3).*(-1.0./6.0),t3.*(dq1_4+dq2_4.*4.0+dq3_4).*(-1.0./6.0),t3.*(dq1_5+dq2_5.*4.0+dq3_5).*(-1.0./6.0),t3.*(dq1_6+dq2_6.*4.0+dq3_6).*(-1.0./6.0),t3.*(dq1_7+dq2_7.*4.0+dq3_7).*(-1.0./6.0),-1.0,0.0,0.0,0.0,0.0,0.0,0.0,0.0,-1.0,0.0,0.0,0.0,0.0,0.0,0.0,0.0,-1.0,0.0,0.0,0.0,0.0,0.0,0.0,0.0,-1.0,0.0,0.0,0.0,0.0,0.0,0.0,0.0,-1.0,0.0,0.0,0.0,0.0,0.0,0.0,0.0,-1.0,0.0,0.0,0.0,0.0,0.0,0.0,0.0,-1.0,T.*t3.*(-1.0./6.0),0.0,0.0,0.0,0.0,0.0,0.0,0.0,T.*t3.*(-1.0./6.0),0.0,0.0,0.0,0.0,0.0,0.0,0.0,T.*t3.*(-1.0./6.0),0.0,0.0,0.0,0.0,0.0,0.0,0.0,T.*t3.*(-1.0./6.0),0.0,0.0,0.0,0.0,0.0,0.0,0.0,T.*t3.*(-1.0./6.0),0.0,0.0,0.0,0.0,0.0,0.0,0.0,T.*t3.*(-1.0./6.0),0.0,0.0,0.0,0.0,0.0,0.0,0.0,T.*t3.*(-1.0./6.0),T.*t3.*(-2.0./3.0),0.0,0.0,0.0,0.0,0.0,0.0,0.0,T.*t3.*(-2.0./3.0),0.0,0.0,0.0,0.0,0.0,0.0,0.0,T.*t3.*(-2.0./3.0),0.0,0.0,0.0,0.0,0.0,0.0,0.0,T.*t3.*(-2.0./3.0),0.0,0.0,0.0,0.0,0.0,0.0,0.0,T.*t3.*(-2.0./3.0),0.0,0.0,0.0,0.0,0.0,0.0,0.0,T.*t3.*(-2.0./3.0),0.0,0.0,0.0,0.0,0.0,0.0,0.0,T.*t3.*(-2.0./3.0),1.0,0.0,0.0,0.0,0.0,0.0,0.0,0.0,1.0,0.0,0.0,0.0,0.0,0.0,0.0,0.0,1.0,0.0,0.0,0.0,0.0,0.0,0.0,0.0,1.0,0.0,0.0,0.0,0.0,0.0,0.0,0.0,1.0,0.0,0.0,0.0,0.0,0.0,0.0,0.0,1.0,0.0,0.0,0.0,0.0,0.0,0.0,0.0,1.0,T.*t3.*(-1.0./6.0),0.0,0.0,0.0,0.0,0.0,0.0,0.0,T.*t3.*(-1.0./6.0),0.0,0.0,0.0,0.0,0.0,0.0,0.0,T.*t3.*(-1.0./6.0),0.0,0.0,0.0,0.0,0.0,0.0,0.0,T.*t3.*(-1.0./6.0),0.0,0.0,0.0,0.0,0.0,0.0,0.0,T.*t3.*(-1.0./6.0),0.0,0.0,0.0,0.0,0.0,0.0,0.0,T.*t3.*(-1.0./6.0),0.0,0.0,0.0,0.0,0.0,0.0,0.0,T.*t3.*(-1.0./6.0)],[7,36]);
